========================================================================
Domain-Gap Results Summary  (ResNet-50, 2048-D features)
  Datasets: A=stenosis_arcade (source 2D), B=cadica_50plus_new (video), C=dataset2_split (video, external)
  Eval images: 1000 clean frames per dataset, identical sampling RNG across methods.
========================================================================

-- baseline  (file: embeddings.npz; n=4000, classes=['A', 'B', 'C', 'D']) --
Centroid cosine distance (lower = closer):
                A        B        C        D
      A    0.0000   0.1850   0.0798   0.1588
      B    0.1850   0.0000   0.1692   0.2399
      C    0.0798   0.1692   0.0000   0.0880
      D    0.1588   0.2399   0.0880   0.0000
5-fold kNN(k=5,cosine) domain-id acc:
    full (4-class, chance=0.250): 0.9920
    A/B/C-only (chance=0.333):                0.9900

-- FDA  (file: embeddings_fda.npz; n=4000, classes=['A', 'A*', 'B', 'C']) --
Centroid cosine distance (lower = closer):
                A       A*        B        C
      A    0.0000   0.0089   0.2295   0.0770
     A*    0.0089   0.0000   0.2105   0.0796
      B    0.2295   0.2105   0.0000   0.1424
      C    0.0770   0.0796   0.1424   0.0000
5-fold kNN(k=5,cosine) domain-id acc:
    full (4-class, chance=0.250): 0.8990
    A/B/C-only (chance=0.333):                0.9907

-- MixStyle  (file: embeddings_mixstyle.npz; n=3000, classes=['A', 'B', 'C']) --
Centroid cosine distance (lower = closer):
                A        B        C
      A    0.0000   0.2345   0.1125
      B    0.2345   0.0000   0.1795
      C    0.1125   0.1795   0.0000
5-fold kNN(k=5,cosine) domain-id acc:
    full (3-class, chance=0.333): 0.9907
    A/B/C-only (chance=0.333):                0.9907

-- DR  (file: embeddings_dr.npz; n=3000, classes=['A', 'B', 'C']) --
Centroid cosine distance (lower = closer):
                A        B        C
      A    0.0000   0.1601   0.0724
      B    0.1601   0.0000   0.0916
      C    0.0724   0.0916   0.0000
5-fold kNN(k=5,cosine) domain-id acc:
    full (3-class, chance=0.333): 0.9783
    A/B/C-only (chance=0.333):                0.9783

-- DR+MS  (file: embeddings_drms.npz; n=3000, classes=['A', 'B', 'C']) --
Centroid cosine distance (lower = closer):
                A        B        C
      A    0.0000   0.2508   0.1232
      B    0.2508   0.0000   0.1164
      C    0.1232   0.1164   0.0000
5-fold kNN(k=5,cosine) domain-id acc:
    full (3-class, chance=0.333): 0.9903
    A/B/C-only (chance=0.333):                0.9903

========================================================================
Side-by-side: source-vs-target gap on clean A/B/C
========================================================================
method        d(A,B)    d(A,C)    d(B,C)    kNN3    Δd(A,B)   Δd(A,C)   Δd(B,C)   ΔkNN3
---------------------------------------------------------------------------------------
baseline      0.1850    0.0798    0.1692  0.9900    +0.0000   +0.0000   +0.0000 +0.0000 (ref)
FDA           0.2295    0.0770    0.1424  0.9907    +0.0446   -0.0028   -0.0268 +0.0007 
MixStyle      0.2345    0.1125    0.1795  0.9907    +0.0496   +0.0327   +0.0104 +0.0007 
DR            0.1601    0.0724    0.0916  0.9783    -0.0249   -0.0074   -0.0775 -0.0117 
DR+MS         0.2508    0.1232    0.1164  0.9903    +0.0658   +0.0434   -0.0528 +0.0003 

Notes:
  - lower cosine distance and lower kNN3 are better (domains closer / harder to tell apart).
  - kNN3 chance = 1/3 = 0.333.
  - DR (extreme domain randomization) is the only method here that lowers all three pairwise distances
    AND the kNN domain-id accuracy versus the no-augmentation baseline.
